0.0417107306421  -0.114129342139  1.52397203445  
0.00716804293916  -0.135970816016  1.31417834759  
0.0597404465079  -0.0655162185431  1.12088108063  
0.151655569673  0.0449990108609  0.968503534794  
0.321940660477  0.0669007748365  0.858879268169  
0.394997179508  -0.13458417356  0.83189791441  
0.453865349293  -0.33720010519  0.824986577034  
0.45124951005  -0.556498765945  0.816780090332  
0.389458835125  -0.770227372646  0.824235975742  
0.466159999371  -0.962756454945  0.823767900467  
0.619215607643  -1.12486195564  0.828098535538  
0.735908448696  -1.30076777935  0.837237715721  
0.834354043007  -1.48741030693  0.836466133595  
0.932096064091  -1.66337776184  0.837000250816  
1.05307602882  -1.83742952347  0.84790790081  
1.24500405788  -1.89830338955  0.841376841068  
1.44640445709  -1.93241143227  0.840066969395  
1.65201759338  -1.91212368011  0.844640374184  
1.82001709938  -1.79482460022  0.831337690353  
2.02144980431  -1.85156798363  0.820618987083  
2.23474574089  -1.81077420712  0.816834390163  
2.32483053207  -1.61229300499  0.808210849762  
2.54022550583  -1.55823910236  0.80257499218  
2.68017339706  -1.40889310837  0.784860551357  
2.60303688049  -1.2218452692  0.781204760075  
2.55762934685  -1.0111566782  0.764115035534  
2.71346306801  -0.863085389137  0.755314052105  
2.90018606186  -0.782136619091  0.754081726074  
3.03684067726  -0.61767333746  0.756163835526  
3.24515795708  -0.60781866312  0.765014529228  
3.44659519196  -0.649274230003  0.773217618465  
3.65132522583  -0.610379874706  0.771339774132  
3.8504652977  -0.640566468239  0.777939856052  
4.04391241074  -0.575814425945  0.78781992197  
4.21077728271  -0.686722695827  0.799499630928  
4.36336755753  -0.817365348339  0.798278272152  
4.56691837311  -0.794156432152  0.799378931522  
4.77208042145  -0.79979622364  0.808198213577  
4.98084115982  -0.81878310442  0.824676692486  
5.11222267151  -0.660792469978  0.821415841579  
5.32788228989  -0.649741232395  0.824021220207  
5.53083705902  -0.67802798748  0.828962683678  
5.71218156815  -0.582348763943  0.822163701057  
5.90435361862  -0.637962460518  0.825766086578  
6.10029935837  -0.690549433231  0.822683095932  
6.29391336441  -0.761075258255  0.823937833309  
6.49360466003  -0.744812607765  0.819130659103  
6.65923976898  -0.628839850426  0.828582167625  
6.82893562317  -0.515873968601  0.829738497734  
7.00088071823  -0.41311147809  0.835641086102  
7.15544223785  -0.280586898327  0.825117886066  
7.31993722916  -0.149340808392  0.819880664349  
7.48631095886  -0.0267770644277  0.821621060371  
7.68899679184  0.0498933717608  0.814162611961  
7.88523674011  0.1031717062  0.80886888504  
8.08036708832  0.171945109963  0.799332916737  
8.27811717987  0.216911017895  0.796840190887  
8.44810009003  0.346243470907  0.788686811924  
8.59792423248  0.492211699486  0.776123046875  
8.76690101624  0.633274555206  0.773979723454  
8.93016242981  0.750659644604  0.767521798611  
9.1075668335  0.843183994293  0.768555641174  
9.28573608398  0.963801801205  0.784763455391  
9.44273948669  0.837885379791  0.779842674732  
9.54627132416  0.654773116112  0.783150374889  
9.6947555542  0.519966423512  0.782859325409  
9.70098495483  0.301805496216  0.783837914467  
9.71088790894  0.0876926258206  0.786404252052  
9.72204685211  -0.112836666405  0.785761475563  
9.70505428314  -0.320062696934  0.781367778778  
9.70169353485  -0.525905072689  0.784986019135  
9.70761013031  -0.741151869297  0.786730229855  
9.70756053925  -0.956432342529  0.790656983852  
9.70372581482  -1.16478526592  0.789109110832  
9.70505046844  -1.36836111546  0.782329916954  
9.69957256317  -1.57112836838  0.784396648407  
9.697514534  -1.77672421932  0.786454916  
9.69563961029  -1.98120868206  0.778773486614  
9.69487953186  -2.19027304649  0.776325464249  
9.69145965576  -2.40732955933  0.781714558601  
9.69118976593  -2.62526726723  0.787253081799  
9.69010925293  -2.84135866165  0.793311715126  
9.6933298111  -3.04273247719  0.793585538864  
9.68570518494  -3.24988102913  0.795898377895  
9.67971229553  -3.46133756638  0.80449026823  
9.6849489212  -3.67366743088  0.801864266396  
9.68228054047  -3.87780880928  0.814812660217  
9.67935466766  -4.0924448967  0.832519292831  
9.68125152588  -4.29909086227  0.829920828342  
9.67851161957  -4.50199747086  0.829502880573  
9.67876529694  -4.71151256561  0.829861164093  
9.67486858368  -4.91570472717  0.829035520554  
9.67648410797  -5.12012815475  0.821599423885  
9.678358078  -5.33790016174  0.816802501678  
9.6745672226  -5.55641651154  0.811319053173  
9.64506435394  -5.75434446335  0.765726685524  
9.43642234802  -5.78229045868  0.726877748966  
9.24260807037  -5.83289241791  0.709938824177  
9.07363700867  -5.94846200943  0.690839588642  
8.87738990784  -5.99181175232  0.695646941662  
8.71291255951  -5.85351514816  0.690455853939  
8.54421329498  -5.72669744492  0.685253083706  
8.37020301819  -5.61319446564  0.681841850281  
8.21134281158  -5.46633386612  0.669785439968  
8.03300952911  -5.3663187027  0.668895721436  
7.82438421249  -5.3511633873  0.668283760548  
7.62223672867  -5.30985736847  0.673840343952  
7.41911315918  -5.27507686615  0.681283712387  
7.21471452713  -5.22504377365  0.675994277  
7.0259180069  -5.13053226471  0.677244067192  
6.84259128571  -5.04339981079  0.679524540901  
6.68259048462  -4.91953516006  0.691368579865  
6.52026605606  -4.79921770096  0.687657117844  
6.34846544266  -4.66882944107  0.695550143719  
6.16441917419  -4.5788602829  0.697447240353  
5.94752120972  -4.59020376205  0.704836130142  
5.75279855728  -4.63671779633  0.698732256889  
5.54839611053  -4.67444705963  0.700763642788  
5.35515499115  -4.72703266144  0.701078057289  
5.15900182724  -4.78524160385  0.703438103199  
4.95373058319  -4.85131311417  0.699175834656  
4.74609661102  -4.886033535  0.702843129635  
4.64546108246  -4.9155163765  0.887963056564  
4.6305398941  -4.91144323349  1.09773683548  
4.60022306442  -4.91257095337  1.30135309696  
4.46217346191  -4.93633413315  1.46206581593  
4.26686525345  -4.97874975204  1.50977694988  
4.06048059464  -4.98706817627  1.52550470829  
3.85616254807  -4.96335744858  1.54624342918  
3.6485683918  -4.98040914536  1.54380190372  
3.44742846489  -4.99251270294  1.54316723347  
3.2365655899  -4.99703168869  1.53270494938  
3.11926865578  -5.0043926239  1.36794960499  
3.10635209084  -5.01648902893  1.15990889072  
3.11803483963  -5.02337026596  0.937204301357  
3.13798046112  -5.01903343201  0.733190596104  
2.95693445206  -5.00861263275  0.642368078232  
2.75203847885  -4.99414300919  0.63615334034  
2.54076290131  -4.99645471573  0.636643350124  
2.33931016922  -5.00160217285  0.637359797955  
2.13069963455  -5.00111293793  0.642785310745  
1.91348576546  -5.00494098663  0.644962489605  
1.70696997643  -5.00922107697  0.648490488529  
1.487221241  -5.0124630928  0.653440117836  
1.28732407093  -5.01312303543  0.662981569767  
1.08685302734  -5.01761770248  0.734059095383  
0.888013362885  -5.0162229538  0.648932635784  
0.739206373692  -5.01084375381  0.489653378725  
0.581974983215  -5.00900316238  0.340218156576  
0.456037551165  -5.01072645187  0.178857937455  
0.478310525417  -5.01497459412  -0.0202798526734  
